000040
000050
000062
000140
000162
000252
000262
000350
000410
000422
000612
000622
000662
001040
001050
001062
001073
001162
001622
001662
002062
002131
002262
002612
002622
002662
002721
002730
003070
003121
003631
003720
006222
006612
006622
011162
011241
011251
011261
011271
011421
011521
011621
011663
011721
011731
012121
012131
012141
012151
012161
012171
012227
012231
012241
012251
012261
012271
012326
012351
012421
012431
012441
012521
012531
012551
012621
012661
012721
012731
012771
013221
013241
013421
013431
013441
013521
013621
013721
013731
014221
014231
014241
014321
014331
014421
015221
015231
015251
015321
015521
016221
016231
016261
016621
016663
017221
017231
017271
017721
022262
022662
023261
026662
100040
100050
100066
100073
100140
100153
100166
100172
100244
100266
100362
100513
100525
100616
100626
100632
100666
100712
101040
101050
101066
101072
101166
101266
101616
101626
101666
102266
102525
102616
102626
102666
102727
103525
106066
106116
106166
106216
106226
106266
106616
106666
111140
111156
111166
111244
111255
111266
111277
111424
111525
111626
111666
111727
112144
112155
112166
112177
112244
112255
112266
112277
112355
112424
112431
112443
112525
112531
112553
112626
112631
112663
112727
112731
112773
113421
113437
113521
113537
113621
113637
113721
113737
113767
113771
114224
114245
114324
114424
115225
115256
115525
116226
116626
116721
117227
117274
117727
122233
122244
122255
122266
122277
122355
122366
122434
122441
122535
122551
122636
122661
122771
123244
123255
123266
123277
123636
123737
125335
126266
133366
200042
200052
200060
200071
200142
200152
200162
200171
200242
200253
200262
200272
200342
200352
200362
200372
200412
200423
200512
200522
200532
200612
200622
200632
200711
200722
200732
201042
201052
201060
201071
201142
201152
201162
201171
201412
201423
201512
201522
201532
201612
201622
201711
201722
202062
202073
202142
202152
202162
202172
202242
202252
202262
202272
202412
202422
202432
202513
202522
202532
202612
202622
202632
202662
202712
202722
202732
202772
203063
203073
203162
203172
203412
203422
203432
203522
203532
203622
203712
203722
203732
204122
204222
205122
205222
206122
206132
206222
206622
207122
207222
207322
207722
211142
211152
211165
211171
211622
212242
212252
212262
212272
212323
212342
212352
212362
212372
213262
213272
214222
215222
215322
215332
216222
216232
216322
217222
217232
217322
217722
222242
222252
222262
222272
222342
222432
222442
222532
222552
222632
222662
222672
222732
222762
222772
223762
223772
226732
227732
300022
300043
300053
300061
300111
300251
300260
300270
300421
300523
300620
300720
301022
301032
301043
301053
301064
301077
301111
301523
301620
301720
302610
302710
311111
311121
311131
311727
312322
322273
400010
400021
400210
401020
401120
401210
401220
402110
402120
402210
402221
402321
403221
500021
500210
501020
501110
501120
501210
501220
502021
502110
502120
502210
502221
502231
503221
503321
600001
600010
600021
600110
600120
600210
600221
601010
601020
601110
601120
601210
601220
602021
602110
602120
602210
602221
602230
602320
603220
603230
603330
612320
700010
700130
700210
701120
701210
701220
702021
702110
702120
702210
702221
702320
703130
703230
712220