012121
300022
301022
301030
212323
312322
002131
012326
012227
002721
003631
011241
011251
011261
011271
011421  
011521  
011621  
012141
012151
012161
012171
012241
012251
012261
012271
012351
012421
012441
012521
012531
012551
012621
012661
012721
012731
012771
013241
013421
013521
013621
013721
013731
014221
014241
014321
014421
015221
015231
015251
015321
015521
016221
016261
016621
017221
017271
017721
000062
000162
000252
000262
000422
000612
000622
000662
001062
001162
001262
001612
001622
001662
002062
002262
002612
002622
006112
006212
006222
006262
006612
011162
011662
022262
022662
000073
000153
000513
001073
002073
100040
100140
100410
101040
101140
101410
104110
111140
100362
100632
101072
100073
100244
102424
103434
111244
111424
112424
112144
112244
112434
112774
114224
117274
117724
122244
123244
122434
123434
122444
123244
123344
133344
124224
124334
100525
101055
102525
103535
111255
111525
112525
112155
112255
112445
112535
114245
114425
115225
122255
122355
122535
122555
123255
123355
123535
125255
125335
133355
100066
100166
100266
100616
100626
100666
101066
101166
101266
101616
101626
101666
102266
102616
102626
103636
106066
106116
106166
106216
106226
106266
106066
106116
106166
106216
106226
106266
106616
111156
111266
111626
112166
112266
112556
112626
112636
112666
115256
115526
116226
116266
116626
122266
122366
122636
122666
123266
123366
123636
126266
126336
133366
102727
102737
103727
103737
111277
111727
112177
112277
112727
112737
113437
113537
113637
113737
117227
122277
122377
122737
122777
123277
123377
123737
127277
127337
133377
200060
201060
202060
200071
200171
200711
201071
201171
201711
207111
211171
200253
200423
201423
202073
202513
203063
203073
223243
223253
223263
223273
300260
300270
300620
300720
301620
301720
302610
302710
300061
300251
300421
323242
323252
323262
323272
301064
301077
400010
400120
400210
401020
401120
401210
401220
402110
402120
402210
403120
400021
400221
402021
402221
402231
402321
402331
403221
403231
403321
403331
500010
500120
500210
501020
501120
501210
501220
502110
502120
502210
503120
500021
500221
502p21
502p31
503221
503331
600010
600110
600120
600210
601010
601020
601110
601120
601210
601220
602110
602120
602210
602230
602320
602330
603120
603220
603230
603320
603330
612320
600001
600021
600221
602021
602221
700010
701120
701210
701220
702110
702120
702210
702230
702320
702330
703120
703130
703220
703230
703320
703330
712220
700021
700221
702021
702221